100
67
1 200 4
2 150 3
3 250 5
4 350 7
5 98 2
6 49 1
7 196 4
8 432 9
9 528 11
10 517 11
11 235 5
12 94 2
13 230 5
14 450 10
15 360 8
16 180 4
17 132 3
18 440 10
19 264 6
20 516 12
21 336 8
22 420 10
23 82 2
24 369 9
25 450 9
26 440 10
27 600 15
28 840 21
29 200 5
30 663 17
31 468 12
32 195 5
33 312 8
34 38 1
35 190 5
36 228 6
37 304 8
38 333 9
39 518 14
40 540 15
41 36 1
42 396 11
43 350 10
44 245 7
45 840 24
46 70 2
47 340 10
48 272 8
49 297 9
50 160 5
51 1280 40
52 64 2
53 248 8
54 60 2
55 450 15
56 261 9
57 145 5
58 464 16
59 140 5
60 336 12
61 270 10
62 27 1
63 135 5
64 156 6
65 468 18
66 225 9
67 125 5
68 75 3
69 48 2
70 22 14
71 161 7
72 132 6
73 263 13
74 280 14
75 152 8
76 342 18
77 162 9
78 324 18
79 17 1
80 340 20
81 96 6
82 240 15
83 176 11
84 15 1
85 30 2
86 294 21
87 299 24
88 48 4
89 204 17
90 352 32
91 80 8
92 90 9
93 162 18
94 16 2
95 21 3
96 246 41
97 30 6
98 72 18
99 27 9
100 14 7